initial_pose_x: -23.316483
initial_pose_y: 12.941350
initial_pose_a: 2.709866

